0 16424
1 22075.5
2 24390.9
3 10746.9
4 14535.6
5 3564
6 6143.33
7 20758.7
8 12958.5
9 3467.83
10 10800.4
11 17650.3
12 26734.7
13 16909.3
14 16052.1
15 12339.6
16 7899.83
17 19293
18 12451.3
19 5877.51
20 15978.6
21 24204.3
22 7181.56
23 11452.4
24 11924.2
25 17701.8
26 25745.9
27 20178.8
28 23729.1
29 7106.69
30 25628.1
31 11244.7
32 522.174
33 11025.9
34 4188.74
35 22209.8
36 15176.1
37 23254.3
38 9493.35
39 11289.6
40 7196.3
41 6499.55
42 17368.7
43 13519.8
44 18887.8
45 13587.3
46 20941.2
47 13277.3
48 11932
49 5603.12
50 26905.3
51 27336.7
52 24525.9
53 20993.4
54 19505.7
55 38373.5
56 11173.6
57 10213.6
58 21418.4
59 12370.2
60 32382.8
61 19768
62 17103.5
63 12376.8
64 22357.6
65 14685.7
66 9714.33
67 17684.6
68 13985
69 4042.62
70 6098.57
71 32770.3
72 33327.4
73 23531.4
74 26302.1
75 12968.2
76 7619.67
77 7408.6
78 6589.74
79 14855
80 9467.86
81 43471.5
82 13380.7
83 7403.85
84 22891.2
85 32727.3
86 28773
87 10314.2
88 30970.1
89 39543.5
90 24817.1
91 23622.9
92 6915.71
93 16708.5
94 37934.2
95 16406.1
96 27673.7
97 11344.7
98 15714.2
99 7327.53
100 15719.6
101 5924.01
102 36638.8
103 14009.9
104 33122.6
105 38323.7
106 5270.48
107 15704
108 28146.7
109 19064.9
110 36288.9
111 36586.2
112 20527.7
113 16175.9
114 31803.3
115 4109.61
116 25287.6
117 43700.7
118 19341.3
119 10067.1
120 23215.2
121 27815.9
122 36616.9
123 39777.8
124 14420.4
125 40017
126 24983.2
127 53021.6
128 64779.7
129 20753.5
130 39640
131 44160.9
132 36895.6
133 4406.3
134 43571.5
135 6195.57
136 46326.3
137 9146.51
138 25500
139 44335.3
140 17184.3
141 53893.8
142 15413.6
143 37965.5
144 26026
145 29453.5
146 41359.7
147 25220.5
148 22690.8
149 42865.7
150 58105.7
151 64926.8
152 49735.9
153 61028.8
154 58785.4
155 52985.4
156 60931.6
157 29681.4
158 42901.1
159 36346.9
160 59732.4
161 45446.1
162 69252.6
163 49298.1
164 52366.6
165 49471.8
166 58615.2
167 72549.3
168 66047.9
169 59453.9
170 70342.8
171 78289.6
172 80098.9
173 105070
174 102598
175 101462
176 116300
177 116294
178 127231
179 130203
180 154160
181 148680
182 188989
183 196105
184 225986
185 253880
186 308888
187 374237
188 469214
189 653015
190 1.04711e+06
191 2.61884e+06
192 5.25709e+06
193 1.31707e+06
194 761831
195 528785
196 405890
197 325736
198 272430
199 231081
200 219652
201 193891
202 159613
203 161958
204 142271
205 136701
206 126135
207 139123
208 104576
209 117746
210 93915
211 87217.8
212 73473.7
213 78768.9
214 73045.5
215 80733.5
216 85613.8
217 60851.1
218 73232
219 78540.4
220 79266
221 80680
222 44984.6
223 80171.3
224 41724.6
225 63627.8
226 51157
227 68319.8
228 43910.2
229 68590.6
230 70504.4
231 57679.9
232 67203.7
233 46103
234 72207.5
235 21669.4
236 48000.9
237 63000.6
238 38770.8
239 41170.6
240 57135.7
241 33011.1
242 67193
243 25837.9
244 50769
245 38044.7
246 22355.9
247 48970.2
248 40181.4
249 61256.5
250 24485.4
251 55911.8
252 53170.7
253 41845.2
254 34065.6
255 65549.8
256 41476.8
257 38967.6
258 27312
259 35468.6
260 24154
261 52919.1
262 38550.2
263 21226.5
264 14687.2
265 44860.2
266 48763.2
267 21663.2
268 29310.7
269 37691
270 16453
271 43824.3
272 39189.1
273 36463.4
274 9951.09
275 42393.7
276 18809.3
277 9834.23
278 21797.1
279 49623.7
280 20636
281 22893.2
282 31378.2
283 25720.7
284 34344.4
285 43465.6
286 25751.8
287 28106.1
288 21973.7
289 38278.6
290 9373.9
291 29423.9
292 15517.5
293 40147.7
294 74490.6
295 42821.2
296 18067.3
297 46555.7
298 34077.1
299 23079.2
300 2121.34
301 13284.5
302 44515.6
303 12729.2
304 23027.2
305 12528
306 27053.6
307 28075.6
308 32661
309 21384.4
310 15284.3
311 33587.6
312 25681.2
313 23086.7
314 13701.4
315 6474.33
316 17281.5
317 24194.4
318 27214.9
319 36518.6
320 36075.2
321 27028.2
322 30406.6
323 32114.5
324 23597.7
325 28081.4
326 25600
327 21407.4
328 34257.8
329 20898.6
330 10084.3
331 16628.2
332 18303.2
333 17463.4
334 20896.5
335 25132.8
336 22638.5
337 13314.3
338 19831.2
339 27132
340 6984.48
341 8921.07
342 25185.3
343 9184.46
344 19707.8
345 24849.6
346 19073.3
347 12571.9
348 22397.3
349 16481.3
350 20578
351 17970.1
352 14843.4
353 24893.1
354 13412
355 29547.5
356 17914.2
357 29248.5
358 14290.3
359 10625.8
360 12374.7
361 4056.07
362 18855.5
363 14657.7
364 15368
365 25468.3
366 18542.1
367 13940.8
368 19476.5
369 14976.3
370 17600.9
371 21398.8
372 12244.4
373 10462.1
374 21295.5
375 13916.2
376 12789.6
377 20191.3
378 22295.3
379 18496.5
380 16283.4
381 14321.6
382 28243.2
383 8187.23
384 16712.1
385 31397.2
386 26012
387 3162.41
388 12032.8
389 11575.8
390 7929.01
391 12118.6
392 3743.36
393 18168.9
394 4457.19
395 19986.2
396 30098.9
397 10526.1
398 10518.4
399 19867.6
400 21926.9
401 22700.3
402 9963.45
403 11197.6
404 23049.2
405 12681.1
406 20036.7
407 14203.8
408 21743.7
409 6847
410 20312.9
411 16463
412 9104.84
413 11580.1
414 8203.21
415 12158.1
416 4617.53
417 13340.2
418 8313.46
419 10680.2
420 13895.7
421 15085.9
422 12056.2
423 9055.26
424 9444.92
425 10768.1
426 13811.6
427 13784.1
428 21662.7
429 6743.53
430 13019.6
431 6908.82
432 9103.7
433 8943.81
434 12440.8
435 10858.2
436 10957
437 7241.12
438 10316.9
439 9585.13
440 11342.4
441 8896.55
442 8055.72
443 11975.9
444 13142
445 8316.94
446 11996.8
447 9801.23
448 13051.4
449 11416
450 11901.1
451 10740
452 9449.79
453 8930.87
454 9497.93
455 11617.4
456 10322.9
457 12717.1
458 11592.2
459 10637.7
460 9093.05
461 9261.55
462 11710.2
463 10988.9
464 10285.5
465 11087.6
466 7625.48
467 10433
468 10427.6
469 9735.58
470 10489.2
471 12322.2
472 10770.7
473 9009.41
474 8329.47
475 9946.04
476 8787.72
477 9412.98
478 11297.1
479 10495.2
480 9650.19
481 9693.34
482 10291
483 9544.58
484 11200.6
485 9204.57
486 10602.4
487 10471.3
488 8608.57
489 9401.62
490 8584.95
491 10363.6
492 9009.56
493 11299.1
494 8462.62
495 7814.51
496 9675.71
497 10079.4
498 9233.34
499 9634.16
500 9907.22
501 10846.7
502 9454.3
503 9807.39
504 8633.21
505 9667.24
506 9307.12
507 8751.38
508 9018.41
509 9171.25
510 9421.97
511 8714.96
512 9707.91
513 8467.07
514 9226.21
515 8817.17
516 9515.95
517 10961.8
518 8456.6
519 9807.82
520 8780.55
521 8612.1
522 8182.59
523 9348.3
524 8227.12
525 8191.84
526 8763.46
527 8906.57
528 8805.38
529 8329.6
530 8220.59
531 9861.35
532 8236.29
533 9158.39
534 9666.11
535 9772.48
536 8284.61
537 8563.38
538 8760.6
539 9348
540 9604.24
541 7865.51
542 9045.69
543 8792.91
544 9261.15
545 8555.6
546 7169.69
547 8108.64
548 8392.13
549 8534.36
550 8827.66
551 8402.13
552 8677.45
553 8198.66
554 8008.22
555 8180.12
556 8505.67
557 7619.06
558 8336.45
559 7837.17
560 7792.5
561 7659.21
562 8029.57
563 7836.4
564 9356.08
565 8431.72
566 6916.4
567 7060.25
568 8196.89
569 8529.79
570 8124.91
571 7897.73
572 7762.73
573 8299.87
574 7322.96
575 8209.34
576 7508.88
577 7990.31
578 9130.57
579 8082.19
580 7365.63
581 8195.64
582 7781.15
583 7535.58
584 7719.78
585 8889.88
586 7566
587 6005.91
588 8206.18
589 7347.56
590 8812.14
591 7864.96
592 6806.17
593 6641.03
594 7850.95
595 8075.68
596 7682.96
597 8405.05
598 6886.96
599 7813.71
600 8547.31
601 7459.5
602 8433.23
603 7546.14
604 7617.98
605 7918.98
606 8037.44
607 7697.41
608 7410.96
609 7622.33
610 7050.4
611 7765.23
612 8356.21
613 8497.18
614 8064.12
615 7621.57
616 7984.34
617 8887.16
618 7088.31
619 7848.05
620 6274.52
621 7179.84
622 7242.97
623 7851.85
624 7389.84
625 7469.99
626 7471.25
627 7622.8
628 7262.34
629 7142.33
630 7710.61
631 7278
632 7406
633 7162.44
634 8044.45
635 7372.22
636 8416.53
637 8118.06
638 7253.96
639 7248.34
640 8391.72
641 6659.95
642 7844.95
643 7804.51
644 6444.15
645 6976.14
646 6832.51
647 7652.16
648 6201.22
649 6511.42
650 8165
651 8000.14
652 6692.04
653 7407.24
654 7214.42
655 7498.07
656 6907.64
657 7095.63
658 7090.26
659 6795.66
660 7911.05
661 6492.86
662 6498.74
663 6639.56
664 7935.77
665 6377.87
666 6990.39
667 6856.09
668 7609.86
669 5337.02
670 6989.2
671 7401.76
672 5934.78
673 8118.23
674 7049.15
675 7030.5
676 6355.1
677 6681.72
678 6208.38
679 7565.99
680 6874.7
681 6495.53
682 7029.39
683 6533.47
684 7534.47
685 6789.46
686 6566.93
687 6778.16
688 6965.59
689 6544.62
690 7570.58
691 6894.4
692 6933.72
693 7189.25
694 7183.85
695 7405.27
696 6775.3
697 6907.7
698 5749.01
699 7426.36
700 5396.07
701 6980.98
702 6158.02
703 6525.72
704 6171.96
705 6311.06
706 7849.65
707 7342.67
708 5826.69
709 6186.91
710 6983.73
711 7497.65
712 6866.78
713 6457.43
714 7454.91
715 6864.25
716 6812.33
717 7223.16
718 6512.68
719 6844.05
720 6371.08
721 7040.77
722 6371
723 6597.22
724 6358.21
725 6573.62
726 6171.22
727 6539.3
728 6557.51
729 6477.07
730 6317.84
731 6668.1
732 5908.78
733 6862.11
734 5904.36
735 5969.54
736 6213.63
737 5797.22
738 6038.26
739 5815.02
740 6146.16
741 6841.28
742 5818.73
743 7191.57
744 6131.82
745 6397.76
746 6833.21
747 6664.71
748 6070.8
749 6246.45
750 7099.62
751 6559.93
752 6826.72
753 6358.85
754 6865.95
755 6527.12
756 6520.49
757 6244.5
758 6788.23
759 6137.01
760 5975.86
761 5975.42
762 6938.18
763 6726.06
764 6541.81
765 6044.83
766 5812.47
767 6272.58
768 6354.36
769 6664.14
770 6238.36
771 6132.65
772 6309.71
773 6069.27
774 6210.34
775 6666.19
776 6770.24
777 5731.51
778 6101.33
779 6246.96
780 6095.17
781 6063.74
782 6761.14
783 6631.08
784 5996.15
785 6252.47
786 6503.63
787 6020.81
788 6416.39
789 6324.54
790 5893.48
791 6331.68
792 6133.18
793 6592.6
794 6334.48
795 6033.02
796 6494.79
797 6125.67
798 5805.91
799 5429.55
800 6404.02
801 6438.81
802 5873.71
803 6154.98
804 6560.78
805 6229.17
806 6269.58
807 6336.73
808 6255.92
809 5826.09
810 6444.92
811 6313.41
812 6842.77
813 6356.73
814 5965.49
815 6228.28
816 6036.53
817 5429.24
818 5844.15
819 6557.09
820 6530.75
821 6376.23
822 5962.71
823 6943.3
824 6063.82
825 4958.19
826 6155.53
827 6240.98
828 6425.66
829 6719.72
830 5585.66
831 5978.1
832 5728.33
833 6441.18
834 5396.25
835 6783.86
836 6279.08
837 5856.69
838 5824.89
839 6191.97
840 6215.2
841 6213.07
842 5732.52
843 5966.55
844 6631.81
845 5821.62
846 6611.96
847 5867.83
848 5247.96
849 6703.45
850 5836.59
851 6006.58
852 5873.13
853 6366.54
854 5680.04
855 6442.99
856 6410.3
857 6544.37
858 5567.54
859 6691.39
860 5882.39
861 5484.82
862 6058.66
863 6055.24
864 5894.13
865 5576.99
866 6304.85
867 6232.69
868 6454
869 6007.2
870 5614.37
871 4987.13
872 6306.58
873 5868.87
874 6534.06
875 6203.95
876 5903.68
877 5975.65
878 6352.19
879 6224.39
880 6086.26
881 6087.38
882 5395.09
883 6351.48
884 6176.06
885 5899.72
886 5818.45
887 6132.07
888 6198.02
889 5902.21
890 5663.62
891 5990.04
892 6317.28
893 6137.92
894 5796.06
895 6093.85
896 5551.61
897 6049.92
898 6405.09
899 5869.95
900 6168.74
901 6173.29
902 6024.32
903 6137.27
904 5901.04
905 5996.55
906 5969.78
907 6179.68
908 5908.6
909 6197.62
910 5773.18
911 5943.88
912 5910.42
913 5828.74
914 5867.81
915 5948.9
916 5885.31
917 6051.69
918 5838.56
919 5664.14
920 5910.89
921 6035.4
922 5968.42
923 5971.4
924 5901.43
925 6042.55
926 5879.66
927 5773.71
928 5952.23
929 6008.57
930 5840.01
931 5807.27
932 5927.68
933 5916.86
934 5976.16
935 5795.76
936 5857.5
937 5922.21
938 5844.47
939 5889.03
940 5936.95
941 5914.6
942 5941.93
943 5918.03
944 5936.31
945 5888.92
946 5842.81
947 5861.17
948 5841.63
949 5886.03
950 5926.5
951 5838
952 5906.58
953 5940.95
954 5954.72
955 5884.8
956 5899
957 5901.01
958 5940.57
959 5957.59
960 5925.2
961 5849.31
962 5735.51
963 5760.26
964 5836.15
965 5920.45
966 5793.55
967 5801.65
968 5832.88
969 5881.9
970 5856.74
971 5953.7
972 5901.35
973 5861.54
974 5814.62
975 6018.73
976 5901.19
977 5913.33
978 5877.85
979 5865.25
980 5958.09
981 5940.1
982 5905.67
983 5826.95
984 5909.67
985 5755.24
986 5872.04
987 5889.78
988 5938.14
989 5919.2
990 5850.23
991 5861.12
992 5943.65
993 5770.58
994 5871.39
995 5931.04
996 5777.28
997 5861.22
998 5906.05
999 5916.39
1000 5912
1001 5916.39
1002 5906.05
1003 5861.22
1004 5777.28
1005 5931.04
1006 5871.39
1007 5770.58
1008 5943.65
1009 5861.12
1010 5850.23
1011 5919.2
1012 5938.14
1013 5889.78
1014 5872.04
1015 5755.24
1016 5909.67
1017 5826.95
1018 5905.67
1019 5940.1
1020 5958.09
1021 5865.25
1022 5877.85
1023 5913.33
1024 5901.19
1025 6018.73
1026 5814.62
1027 5861.54
1028 5901.35
1029 5953.7
1030 5856.74
1031 5881.9
1032 5832.88
1033 5801.65
1034 5793.55
1035 5920.45
1036 5836.15
1037 5760.26
1038 5735.51
1039 5849.31
1040 5925.2
1041 5957.59
1042 5940.57
1043 5901.01
1044 5899
1045 5884.8
1046 5954.72
1047 5940.95
1048 5906.58
1049 5838
1050 5926.5
1051 5886.03
1052 5841.63
1053 5861.17
1054 5842.81
1055 5888.92
1056 5936.31
1057 5918.03
1058 5941.93
1059 5914.6
1060 5936.95
1061 5889.03
1062 5844.47
1063 5922.21
1064 5857.5
1065 5795.76
1066 5976.16
1067 5916.86
1068 5927.68
1069 5807.27
1070 5840.01
1071 6008.57
1072 5952.23
1073 5773.71
1074 5879.66
1075 6042.55
1076 5901.43
1077 5971.4
1078 5968.42
1079 6035.4
1080 5910.89
1081 5664.14
1082 5838.56
1083 6051.69
1084 5885.31
1085 5948.9
1086 5867.81
1087 5828.74
1088 5910.42
1089 5943.88
1090 5773.18
1091 6197.62
1092 5908.6
1093 6179.68
1094 5969.78
1095 5996.55
1096 5901.04
1097 6137.27
1098 6024.32
1099 6173.29
1100 6168.74
1101 5869.95
1102 6405.09
1103 6049.92
1104 5551.61
1105 6093.85
1106 5796.06
1107 6137.92
1108 6317.28
1109 5990.04
1110 5663.62
1111 5902.21
1112 6198.02
1113 6132.07
1114 5818.45
1115 5899.72
1116 6176.06
1117 6351.48
1118 5395.09
1119 6087.38
1120 6086.26
1121 6224.39
1122 6352.19
1123 5975.65
1124 5903.68
1125 6203.95
1126 6534.06
1127 5868.87
1128 6306.58
1129 4987.13
1130 5614.37
1131 6007.2
1132 6454
1133 6232.69
1134 6304.85
1135 5576.99
1136 5894.13
1137 6055.24
1138 6058.66
1139 5484.82
1140 5882.39
1141 6691.39
1142 5567.54
1143 6544.37
1144 6410.3
1145 6442.99
1146 5680.04
1147 6366.54
1148 5873.13
1149 6006.58
1150 5836.59
1151 6703.45
1152 5247.96
1153 5867.83
1154 6611.96
1155 5821.62
1156 6631.81
1157 5966.55
1158 5732.52
1159 6213.07
1160 6215.2
1161 6191.97
1162 5824.89
1163 5856.69
1164 6279.08
1165 6783.86
1166 5396.25
1167 6441.18
1168 5728.33
1169 5978.1
1170 5585.66
1171 6719.72
1172 6425.66
1173 6240.98
1174 6155.53
1175 4958.19
1176 6063.82
1177 6943.3
1178 5962.71
1179 6376.23
1180 6530.75
1181 6557.09
1182 5844.15
1183 5429.24
1184 6036.53
1185 6228.28
1186 5965.49
1187 6356.73
1188 6842.77
1189 6313.41
1190 6444.92
1191 5826.09
1192 6255.92
1193 6336.73
1194 6269.58
1195 6229.17
1196 6560.78
1197 6154.98
1198 5873.71
1199 6438.81
1200 6404.02
1201 5429.55
1202 5805.91
1203 6125.67
1204 6494.79
1205 6033.02
1206 6334.48
1207 6592.6
1208 6133.18
1209 6331.68
1210 5893.48
1211 6324.54
1212 6416.39
1213 6020.81
1214 6503.63
1215 6252.47
1216 5996.15
1217 6631.08
1218 6761.14
1219 6063.74
1220 6095.17
1221 6246.96
1222 6101.33
1223 5731.51
1224 6770.24
1225 6666.19
1226 6210.34
1227 6069.27
1228 6309.71
1229 6132.65
1230 6238.36
1231 6664.14
1232 6354.36
1233 6272.58
1234 5812.47
1235 6044.83
1236 6541.81
1237 6726.06
1238 6938.18
1239 5975.42
1240 5975.86
1241 6137.01
1242 6788.23
1243 6244.5
1244 6520.49
1245 6527.12
1246 6865.95
1247 6358.85
1248 6826.72
1249 6559.93
1250 7099.62
1251 6246.45
1252 6070.8
1253 6664.71
1254 6833.21
1255 6397.76
1256 6131.82
1257 7191.57
1258 5818.73
1259 6841.28
1260 6146.16
1261 5815.02
1262 6038.26
1263 5797.22
1264 6213.63
1265 5969.54
1266 5904.36
1267 6862.11
1268 5908.78
1269 6668.1
1270 6317.84
1271 6477.07
1272 6557.51
1273 6539.3
1274 6171.22
1275 6573.62
1276 6358.21
1277 6597.22
1278 6371
1279 7040.77
1280 6371.08
1281 6844.05
1282 6512.68
1283 7223.16
1284 6812.33
1285 6864.25
1286 7454.91
1287 6457.43
1288 6866.78
1289 7497.65
1290 6983.73
1291 6186.91
1292 5826.69
1293 7342.67
1294 7849.65
1295 6311.06
1296 6171.96
1297 6525.72
1298 6158.02
1299 6980.98
1300 5396.07
1301 7426.36
1302 5749.01
1303 6907.7
1304 6775.3
1305 7405.27
1306 7183.85
1307 7189.25
1308 6933.72
1309 6894.4
1310 7570.58
1311 6544.62
1312 6965.59
1313 6778.16
1314 6566.93
1315 6789.46
1316 7534.47
1317 6533.47
1318 7029.39
1319 6495.53
1320 6874.7
1321 7565.99
1322 6208.38
1323 6681.72
1324 6355.1
1325 7030.5
1326 7049.15
1327 8118.23
1328 5934.78
1329 7401.76
1330 6989.2
1331 5337.02
1332 7609.86
1333 6856.09
1334 6990.39
1335 6377.87
1336 7935.77
1337 6639.56
1338 6498.74
1339 6492.86
1340 7911.05
1341 6795.66
1342 7090.26
1343 7095.63
1344 6907.64
1345 7498.07
1346 7214.42
1347 7407.24
1348 6692.04
1349 8000.14
1350 8165
1351 6511.42
1352 6201.22
1353 7652.16
1354 6832.51
1355 6976.14
1356 6444.15
1357 7804.51
1358 7844.95
1359 6659.95
1360 8391.72
1361 7248.34
1362 7253.96
1363 8118.06
1364 8416.53
1365 7372.22
1366 8044.45
1367 7162.44
1368 7406
1369 7278
1370 7710.61
1371 7142.33
1372 7262.34
1373 7622.8
1374 7471.25
1375 7469.99
1376 7389.84
1377 7851.85
1378 7242.97
1379 7179.84
1380 6274.52
1381 7848.05
1382 7088.31
1383 8887.16
1384 7984.34
1385 7621.57
1386 8064.12
1387 8497.18
1388 8356.21
1389 7765.23
1390 7050.4
1391 7622.33
1392 7410.96
1393 7697.41
1394 8037.44
1395 7918.98
1396 7617.98
1397 7546.14
1398 8433.23
1399 7459.5
1400 8547.31
1401 7813.71
1402 6886.96
1403 8405.05
1404 7682.96
1405 8075.68
1406 7850.95
1407 6641.03
1408 6806.17
1409 7864.96
1410 8812.14
1411 7347.56
1412 8206.18
1413 6005.91
1414 7566
1415 8889.88
1416 7719.78
1417 7535.58
1418 7781.15
1419 8195.64
1420 7365.63
1421 8082.19
1422 9130.57
1423 7990.31
1424 7508.88
1425 8209.34
1426 7322.96
1427 8299.87
1428 7762.73
1429 7897.73
1430 8124.91
1431 8529.79
1432 8196.89
1433 7060.25
1434 6916.4
1435 8431.72
1436 9356.08
1437 7836.4
1438 8029.57
1439 7659.21
1440 7792.5
1441 7837.17
1442 8336.45
1443 7619.06
1444 8505.67
1445 8180.12
1446 8008.22
1447 8198.66
1448 8677.45
1449 8402.13
1450 8827.66
1451 8534.36
1452 8392.13
1453 8108.64
1454 7169.69
1455 8555.6
1456 9261.15
1457 8792.91
1458 9045.69
1459 7865.51
1460 9604.24
1461 9348
1462 8760.6
1463 8563.38
1464 8284.61
1465 9772.48
1466 9666.11
1467 9158.39
1468 8236.29
1469 9861.35
1470 8220.59
1471 8329.6
1472 8805.38
1473 8906.57
1474 8763.46
1475 8191.84
1476 8227.12
1477 9348.3
1478 8182.59
1479 8612.1
1480 8780.55
1481 9807.82
1482 8456.6
1483 10961.8
1484 9515.95
1485 8817.17
1486 9226.21
1487 8467.07
1488 9707.91
1489 8714.96
1490 9421.97
1491 9171.25
1492 9018.41
1493 8751.38
1494 9307.12
1495 9667.24
1496 8633.21
1497 9807.39
1498 9454.3
1499 10846.7
1500 9907.22
1501 9634.16
1502 9233.34
1503 10079.4
1504 9675.71
1505 7814.51
1506 8462.62
1507 11299.1
1508 9009.56
1509 10363.6
1510 8584.95
1511 9401.62
1512 8608.57
1513 10471.3
1514 10602.4
1515 9204.57
1516 11200.6
1517 9544.58
1518 10291
1519 9693.34
1520 9650.19
1521 10495.2
1522 11297.1
1523 9412.98
1524 8787.72
1525 9946.04
1526 8329.47
1527 9009.41
1528 10770.7
1529 12322.2
1530 10489.2
1531 9735.58
1532 10427.6
1533 10433
1534 7625.48
1535 11087.6
1536 10285.5
1537 10988.9
1538 11710.2
1539 9261.55
1540 9093.05
1541 10637.7
1542 11592.2
1543 12717.1
1544 10322.9
1545 11617.4
1546 9497.93
1547 8930.87
1548 9449.79
1549 10740
1550 11901.1
1551 11416
1552 13051.4
1553 9801.23
1554 11996.8
1555 8316.94
1556 13142
1557 11975.9
1558 8055.72
1559 8896.55
1560 11342.4
1561 9585.13
1562 10316.9
1563 7241.12
1564 10957
1565 10858.2
1566 12440.8
1567 8943.81
1568 9103.7
1569 6908.82
1570 13019.6
1571 6743.53
1572 21662.7
1573 13784.1
1574 13811.6
1575 10768.1
1576 9444.92
1577 9055.26
1578 12056.2
1579 15085.9
1580 13895.7
1581 10680.2
1582 8313.46
1583 13340.2
1584 4617.53
1585 12158.1
1586 8203.21
1587 11580.1
1588 9104.84
1589 16463
1590 20312.9
1591 6847
1592 21743.7
1593 14203.8
1594 20036.7
1595 12681.1
1596 23049.2
1597 11197.6
1598 9963.45
1599 22700.3
1600 21926.9
1601 19867.6
1602 10518.4
1603 10526.1
1604 30098.9
1605 19986.2
1606 4457.19
1607 18168.9
1608 3743.36
1609 12118.6
1610 7929.01
1611 11575.8
1612 12032.8
1613 3162.41
1614 26012
1615 31397.2
1616 16712.1
1617 8187.23
1618 28243.2
1619 14321.6
1620 16283.4
1621 18496.5
1622 22295.3
1623 20191.3
1624 12789.6
1625 13916.2
1626 21295.5
1627 10462.1
1628 12244.4
1629 21398.8
1630 17600.9
1631 14976.3
1632 19476.5
1633 13940.8
1634 18542.1
1635 25468.3
1636 15368
1637 14657.7
1638 18855.5
1639 4056.07
1640 12374.7
1641 10625.8
1642 14290.3
1643 29248.5
1644 17914.2
1645 29547.5
1646 13412
1647 24893.1
1648 14843.4
1649 17970.1
1650 20578
1651 16481.3
1652 22397.3
1653 12571.9
1654 19073.3
1655 24849.6
1656 19707.8
1657 9184.46
1658 25185.3
1659 8921.07
1660 6984.48
1661 27132
1662 19831.2
1663 13314.3
1664 22638.5
1665 25132.8
1666 20896.5
1667 17463.4
1668 18303.2
1669 16628.2
1670 10084.3
1671 20898.6
1672 34257.8
1673 21407.4
1674 25600
1675 28081.4
1676 23597.7
1677 32114.5
1678 30406.6
1679 27028.2
1680 36075.2
1681 36518.6
1682 27214.9
1683 24194.4
1684 17281.5
1685 6474.33
1686 13701.4
1687 23086.7
1688 25681.2
1689 33587.6
1690 15284.3
1691 21384.4
1692 32661
1693 28075.6
1694 27053.6
1695 12528
1696 23027.2
1697 12729.2
1698 44515.6
1699 13284.5
1700 2121.34
1701 23079.2
1702 34077.1
1703 46555.7
1704 18067.3
1705 42821.2
1706 74490.6
1707 40147.7
1708 15517.5
1709 29423.9
1710 9373.9
1711 38278.6
1712 21973.7
1713 28106.1
1714 25751.8
1715 43465.6
1716 34344.4
1717 25720.7
1718 31378.2
1719 22893.2
1720 20636
1721 49623.7
1722 21797.1
1723 9834.23
1724 18809.3
1725 42393.7
1726 9951.09
1727 36463.4
1728 39189.1
1729 43824.3
1730 16453
1731 37691
1732 29310.7
1733 21663.2
1734 48763.2
1735 44860.2
1736 14687.2
1737 21226.5
1738 38550.2
1739 52919.1
1740 24154
1741 35468.6
1742 27312
1743 38967.6
1744 41476.8
1745 65549.8
1746 34065.6
1747 41845.2
1748 53170.7
1749 55911.8
1750 24485.4
1751 61256.5
1752 40181.4
1753 48970.2
1754 22355.9
1755 38044.7
1756 50769
1757 25837.9
1758 67193
1759 33011.1
1760 57135.7
1761 41170.6
1762 38770.8
1763 63000.6
1764 48000.9
1765 21669.4
1766 72207.5
1767 46103
1768 67203.7
1769 57679.9
1770 70504.4
1771 68590.6
1772 43910.2
1773 68319.8
1774 51157
1775 63627.8
1776 41724.6
1777 80171.3
1778 44984.6
1779 80680
1780 79266
1781 78540.4
1782 73232
1783 60851.1
1784 85613.8
1785 80733.5
1786 73045.5
1787 78768.9
1788 73473.7
1789 87217.8
1790 93915
1791 117746
1792 104576
1793 139123
1794 126135
1795 136701
1796 142271
1797 161958
1798 159613
1799 193891
1800 219652
1801 231081
1802 272430
1803 325736
1804 405890
1805 528785
1806 761831
1807 1.31707e+06
1808 5.25709e+06
1809 2.61884e+06
1810 1.04711e+06
1811 653015
1812 469214
1813 374237
1814 308888
1815 253880
1816 225986
1817 196105
1818 188989
1819 148680
1820 154160
1821 130203
1822 127231
1823 116294
1824 116300
1825 101462
1826 102598
1827 105070
1828 80098.9
1829 78289.6
1830 70342.8
1831 59453.9
1832 66047.9
1833 72549.3
1834 58615.2
1835 49471.8
1836 52366.6
1837 49298.1
1838 69252.6
1839 45446.1
1840 59732.4
1841 36346.9
1842 42901.1
1843 29681.4
1844 60931.6
1845 52985.4
1846 58785.4
1847 61028.8
1848 49735.9
1849 64926.8
1850 58105.7
1851 42865.7
1852 22690.8
1853 25220.5
1854 41359.7
1855 29453.5
1856 26026
1857 37965.5
1858 15413.6
1859 53893.8
1860 17184.3
1861 44335.3
1862 25500
1863 9146.51
1864 46326.3
1865 6195.57
1866 43571.5
1867 4406.3
1868 36895.6
1869 44160.9
1870 39640
1871 20753.5
1872 64779.7
1873 53021.6
1874 24983.2
1875 40017
1876 14420.4
1877 39777.8
1878 36616.9
1879 27815.9
1880 23215.2
1881 10067.1
1882 19341.3
1883 43700.7
1884 25287.6
1885 4109.61
1886 31803.3
1887 16175.9
1888 20527.7
1889 36586.2
1890 36288.9
1891 19064.9
1892 28146.7
1893 15704
1894 5270.48
1895 38323.7
1896 33122.6
1897 14009.9
1898 36638.8
1899 5924.01
1900 15719.6
1901 7327.53
1902 15714.2
1903 11344.7
1904 27673.7
1905 16406.1
1906 37934.2
1907 16708.5
1908 6915.71
1909 23622.9
1910 24817.1
1911 39543.5
1912 30970.1
1913 10314.2
1914 28773
1915 32727.3
1916 22891.2
1917 7403.85
1918 13380.7
1919 43471.5
1920 9467.86
1921 14855
1922 6589.74
1923 7408.6
1924 7619.67
1925 12968.2
1926 26302.1
1927 23531.4
1928 33327.4
1929 32770.3
1930 6098.57
1931 4042.62
1932 13985
1933 17684.6
1934 9714.33
1935 14685.7
1936 22357.6
1937 12376.8
1938 17103.5
1939 19768
1940 32382.8
1941 12370.2
1942 21418.4
1943 10213.6
1944 11173.6
1945 38373.5
1946 19505.7
1947 20993.4
1948 24525.9
1949 27336.7
1950 26905.3
1951 5603.12
1952 11932
1953 13277.3
1954 20941.2
1955 13587.3
1956 18887.8
1957 13519.8
1958 17368.7
1959 6499.55
1960 7196.3
1961 11289.6
1962 9493.35
1963 23254.3
1964 15176.1
1965 22209.8
1966 4188.74
1967 11025.9
1968 522.174
1969 11244.7
1970 25628.1
1971 7106.69
1972 23729.1
1973 20178.8
1974 25745.9
1975 17701.8
1976 11924.2
1977 11452.4
1978 7181.56
1979 24204.3
1980 15978.6
1981 5877.51
1982 12451.3
1983 19293
1984 7899.83
1985 12339.6
1986 16052.1
1987 16909.3
1988 26734.7
1989 17650.3
1990 10800.4
1991 3467.83
1992 12958.5
1993 20758.7
1994 6143.33
1995 3564
1996 14535.6
1997 10746.9
1998 24390.9
1999 22075.5
