0 25380
1 19741.5
2 38005.3
3 37626.1
4 21692.9
5 15271
6 16197.4
7 11375.8
8 15154.3
9 14482.8
10 8907.13
11 37067.5
12 5137.62
13 41086.9
14 20878.4
15 9498.9
16 23118.5
17 19828.6
18 9737.52
19 27391.6
20 5024.07
21 26873.6
22 3428.08
23 32428.5
24 21515.3
25 12057.8
26 1442.77
27 7104.21
28 24214.1
29 20677
30 10751.9
31 16359.3
32 8079.21
33 21919
34 4134.85
35 15608.7
36 11474.8
37 11860.4
38 2290.47
39 23195.4
40 24555.2
41 23379.5
42 18812.9
43 8836.62
44 21019.6
45 12113.3
46 34453.2
47 14492.1
48 19215.1
49 7097.09
50 49289.1
51 30951.3
52 24470.7
53 5975.95
54 5198.3
55 15616.1
56 15788.5
57 19552.8
58 27177
59 17462.5
60 14850
61 30259.5
62 10729.8
63 18849.8
64 24627.1
65 13075.9
66 20797.5
67 22150.1
68 19267.7
69 18459.4
70 19992.8
71 35161.5
72 35955.7
73 29231.9
74 26781.8
75 22639.6
76 35057.3
77 31571.9
78 7277.07
79 6653.69
80 30990.8
81 14474.2
82 13392.9
83 19424.6
84 28045.4
85 8868.32
86 15013.1
87 21792.6
88 37392.1
89 21717.6
90 31461.9
91 13454.3
92 27389.1
93 28472.5
94 60346
95 25919.4
96 24559.9
97 26485.9
98 13672.5
99 41412.1
100 21899.2
101 12052.1
102 15716.3
103 27143.2
104 31345.3
105 30156.8
106 7441.1
107 13774.5
108 31961.1
109 48669.1
110 5555.49
111 23023.2
112 26902
113 26078.1
114 20445.9
115 32455.3
116 49499.4
117 37328.4
118 18284.9
119 19543.2
120 21375
121 56403.4
122 15718.6
123 18266.4
124 51621
125 55117
126 23410.8
127 23118.2
128 16397
129 23696
130 22047.3
131 6869.83
132 28928.1
133 35652.3
134 25350.8
135 26888.1
136 22781.7
137 63006.5
138 62146.2
139 14632.7
140 36610.8
141 31546.8
142 30494.9
143 47620.4
144 21822.3
145 37953
146 16478.5
147 29583.9
148 15080.5
149 47781.6
150 54513
151 5489.72
152 28017.2
153 40387.3
154 25248
155 19944.3
156 49018.4
157 20706
158 37163.2
159 54597.9
160 22918.1
161 35720.2
162 53372.5
163 20500.1
164 49600.4
165 30045.1
166 43997.3
167 45052.6
168 71147.5
169 48078.2
170 48859.1
171 46542.9
172 54398.9
173 47453.8
174 50198.7
175 64617.1
176 73840
177 84305.2
178 92508.4
179 74374.5
180 84879.6
181 50539.4
182 109484
183 115027
184 153544
185 159843
186 197723
187 224958
188 298185
189 401139
190 645088
191 1.59477e+06
192 3.19118e+06
193 793214
194 459417
195 317716
196 244080
197 210597
198 158773
199 142777
200 110905
201 100829
202 83917
203 100019
204 77828.2
205 103439
206 83795.6
207 58796.3
208 67465.3
209 40699.1
210 39189.5
211 61608.8
212 47999.7
213 31034.9
214 48139.2
215 61267.1
216 40335.3
217 48725.7
218 53527.9
219 55298.6
220 29074.8
221 56567.8
222 37453.6
223 22841.4
224 57243.7
225 31645.2
226 28692.2
227 44832.5
228 17896.2
229 31066.3
230 32425.8
231 11969.3
232 22338.6
233 38841.8
234 13483.1
235 43937.5
236 30183.1
237 24849.4
238 35644.6
239 10172.8
240 62860.7
241 26639
242 27642.3
243 25495.4
244 40489.6
245 59054.8
246 31818
247 16388.8
248 5487.59
249 24149.2
250 10364.8
251 4908.01
252 26458.5
253 9200.64
254 25281.7
255 18803.6
256 12274.7
257 29003.3
258 40321.7
259 21524.5
260 15211.8
261 15701.4
262 25738.5
263 28260.7
264 37488.2
265 34006.1
266 37503.3
267 27259
268 31770.4
269 31973.1
270 24978.8
271 12649.1
272 15805.1
273 23351.7
274 28463
275 32272.1
276 24079.3
277 11820.1
278 36633.1
279 13026.3
280 26174.6
281 26335.3
282 16157.4
283 20236.4
284 30238.6
285 2443.95
286 24497.8
287 8693.64
288 5730.11
289 43875.3
290 16431
291 28670.7
292 17712.9
293 20096.7
294 4223.05
295 27505.5
296 10772.2
297 17806.9
298 22421.2
299 14085.4
300 29830.3
301 15988
302 26158
303 29121.7
304 7895.47
305 17277.3
306 19001.6
307 21799.1
308 3139.71
309 33708.3
310 10932.5
311 54003.9
312 28898.7
313 13315.6
314 11345.5
315 8894.59
316 5990.24
317 26590.1
318 19171.3
319 20520.1
320 6369.36
321 8376.84
322 23038.6
323 5202
324 6041.02
325 15337.2
326 28439.5
327 5495.29
328 9244.76
329 14860.3
330 14615.7
331 25390.4
332 20464.5
333 26754.6
334 11590.1
335 19365.8
336 13598.3
337 16802.4
338 9064.74
339 14414.5
340 9200.63
341 17764.2
342 16363.8
343 12794.4
344 17513.2
345 19266.5
346 8285.2
347 7381.96
348 17410.6
349 12841.1
350 10428.1
351 24247.1
352 10495.8
353 5749.41
354 12694.9
355 16351.6
356 20656.2
357 4768.11
358 3945.92
359 8753.89
360 8955.49
361 13357.2
362 8572.83
363 7601.96
364 12699.2
365 4004.09
366 14308
367 5462.47
368 7137.86
369 15223.5
370 17728.1
371 9383.67
372 10924.3
373 14803.6
374 22874.1
375 17835.5
376 9442.76
377 13207
378 5968.46
379 6241.47
380 19886.3
381 14353
382 11527.5
383 10583.1
384 9145.37
385 1598.11
386 16413.7
387 12916.4
388 15913.9
389 10058.8
390 14799.1
391 11844.8
392 6475.34
393 8997.97
394 11040
395 10256
396 15880
397 5770.07
398 916.425
399 9103.9
400 8057.77
401 5437.9
402 3083.83
403 17224.1
404 4982.07
405 5324.79
406 967.383
407 4848
408 10708
409 15900
410 3959.4
411 4221.59
412 6350.37
413 7423.14
414 1077.66
415 11083.9
416 7952.15
417 13429.6
418 2490.95
419 5410.55
420 1617.64
421 4220.87
422 7018.15
423 4458.86
424 6290.57
425 7886.96
426 2368.04
427 6997.64
428 7041.64
429 3335.85
430 9688.05
431 2518.24
432 4386.83
433 7080.61
434 2839.93
435 9046.6
436 7285.55
437 6170.41
438 5975.94
439 9217.39
440 4575.9
441 6717.53
442 2823.97
443 4237.02
444 3618.89
445 2428.57
446 1692.94
447 6301.11
448 2510.99
449 7715.2
450 3482.94
451 147.826
452 1580
453 3789.62
454 2772.8
455 4292.82
456 6143.49
457 2945.99
458 1893.24
459 2059.12
460 3074.69
461 3412.06
462 2771.54
463 5337.55
464 585.916
465 3461.41
466 3611.65
467 4491.71
468 3219.57
469 2455.44
470 2964.13
471 2805.61
472 425.051
473 1933.81
474 2643.08
475 1809.45
476 2878.74
477 2365.37
478 2522.5
479 551.234
480 4476.65
481 2383.28
482 1245.1
483 2212.49
484 2702.8
485 2024.44
486 2715.04
487 2286.33
488 2335.73
489 2548.75
490 2753.03
491 1936.76
492 2548.04
493 2528.32
494 1338.73
495 3299.38
496 3535.81
497 2187.64
498 665.13
499 1892.63
500 2096.42
501 1875.49
502 1970.23
503 2395.44
504 2247.45
505 2571.22
506 1222.26
507 1843.67
508 1986.79
509 3863.41
510 3252.03
511 1697.04
512 3104.8
513 2695.36
514 2547.7
515 3146.29
516 3009.13
517 3442.03
518 1902.82
519 1540.56
520 3660.27
521 914.456
522 2040.78
523 2966.5
524 2165
525 1857.96
526 2025.56
527 3088.92
528 2488.53
529 2289.88
530 1833.19
531 2444.77
532 1916.65
533 2154.64
534 1662.52
535 2218.88
536 2598.3
537 1943.34
538 2340.83
539 2094.61
540 2637.63
541 2337.01
542 1384.59
543 1830.38
544 2066.72
545 2737.18
546 1490.22
547 909.923
548 3013.53
549 1067.52
550 1705.24
551 2564.64
552 4168.45
553 2163.34
554 2872.23
555 1474.06
556 1895.15
557 1683.07
558 1473.59
559 1525.12
560 1661.16
561 3015.02
562 2668.15
563 2726.66
564 1132.29
565 2575.01
566 1735.69
567 2070.79
568 1930.86
569 1388.61
570 1918.02
571 1883
572 3410.69
573 2488.19
574 2685.61
575 3319.5
576 1709.75
577 2472.51
578 844.288
579 2347.53
580 1971.76
581 2015.77
582 1745.65
583 1789.07
584 1962.01
585 1928.09
586 1721.67
587 1996.06
588 1383.73
589 1499
590 2407.48
591 1041.38
592 946.867
593 1921.36
594 2621.67
595 1315.16
596 1296.17
597 789.944
598 1131.68
599 2327.64
600 1250.81
601 2168.75
602 2831
603 1846.73
604 2694.1
605 1792.17
606 1975.16
607 890.402
608 1055.34
609 2393.59
610 1122.76
611 2095.23
612 2402.49
613 1247.79
614 2510.51
615 1291.82
616 2200.28
617 1641.61
618 914.533
619 1535.22
620 1638.82
621 1970.28
622 2103.03
623 2125.09
624 1005.53
625 1457.74
626 2006.88
627 1401.47
628 1481.83
629 2398.31
630 831.635
631 1136.54
632 1638.96
633 2825.66
634 1430.9
635 1953.32
636 2004.52
637 1646.8
638 2009.43
639 966.042
640 1582.17
641 2093.17
642 1208.25
643 587.097
644 1182.78
645 1551.24
646 1772.36
647 2089.86
648 974.073
649 1880.94
650 796.687
651 2230.25
652 2254.68
653 1947.38
654 2201.02
655 2158.51
656 1407.84
657 324.76
658 1393.4
659 1216.15
660 1140.2
661 1890.03
662 1141.8
663 2144.49
664 1384.34
665 2761.8
666 761.281
667 795.177
668 1091.05
669 1386.7
670 1098.26
671 547.162
672 993.535
673 1006.42
674 926.707
675 1938.84
676 733.211
677 736.935
678 724.445
679 489.388
680 1620.77
681 850.261
682 2598.02
683 2206.02
684 1799.42
685 1700.1
686 2241.03
687 1344.39
688 1603.5
689 2998.73
690 1533.73
691 1399.06
692 1745.5
693 1230.09
694 1353.27
695 1797.53
696 2212.28
697 2819.43
698 243.97
699 1037.25
700 2888.6
701 1955.11
702 1474.91
703 1235.36
704 1435.92
705 355.508
706 1650.51
707 1936.58
708 1717.23
709 1311.8
710 2540.45
711 1028.56
712 564.62
713 1493.29
714 588.714
715 1361.12
716 2495.12
717 1609.41
718 866.939
719 1235.3
720 956.835
721 2613.82
722 890.559
723 490.484
724 1682.92
725 2726.08
726 1489.5
727 711.732
728 2224.69
729 595.875
730 383.067
731 1169.51
732 1089.66
733 1507.24
734 1957.86
735 2238.72
736 1352.02
737 1341.2
738 1075.89
739 1610.11
740 2703.16
741 1159.86
742 681.175
743 701.142
744 1055.64
745 1529.46
746 1426.24
747 1087.03
748 1767.99
749 1065.61
750 1551.26
751 930.245
752 1727.37
753 2486.59
754 1370.99
755 1114.07
756 1820.22
757 2130.71
758 1902.87
759 1249.03
760 1804.75
761 1138.07
762 627.81
763 1018.06
764 1842.17
765 1555.43
766 2338.03
767 1152.09
768 711.625
769 1527.85
770 606.442
771 1921.68
772 501.19
773 1088.42
774 1481.31
775 2147
776 1766.12
777 1227.31
778 1096.12
779 1165.21
780 995.192
781 2268.99
782 1709.32
783 1019.73
784 1628.66
785 1086.48
786 750.322
787 1385.86
788 657.288
789 1600.34
790 948.556
791 1074.7
792 509.159
793 1626.78
794 1670.08
795 1673.67
796 1611.81
797 256.642
798 1874.3
799 1705.48
800 937.097
801 1639.23
802 1721.11
803 1731.17
804 1688.05
805 404.753
806 1676.05
807 2273.37
808 1518.38
809 442.476
810 1953.31
811 2039.83
812 354.701
813 1615.25
814 1287.54
815 2174.57
816 1667.6
817 1450.19
818 1097
819 821.925
820 782.759
821 543.293
822 207.231
823 1910
824 1953.96
825 595.709
826 1147.68
827 1188.73
828 1272.22
829 1933.32
830 1673.05
831 875.339
832 1537.21
833 1700.86
834 1714.95
835 812.189
836 817.771
837 831.951
838 760.829
839 2032.07
840 1522.12
841 940.808
842 986.257
843 1202.72
844 1554.54
845 1803.84
846 1345.91
847 1762.34
848 2335.81
849 821.233
850 1028.26
851 1102.82
852 902.314
853 2074.88
854 882.797
855 1360.46
856 1024.41
857 1370.47
858 701.679
859 1847.05
860 898.943
861 1597.25
862 634.016
863 1560.13
864 1200.63
865 1199.26
866 1145.86
867 834.261
868 1421.43
869 999.368
870 1806.86
871 612.456
872 1273.31
873 1262.2
874 967.901
875 1768.5
876 850.207
877 1767.04
878 1372.5
879 1408.92
880 1225.39
881 1290.46
882 1386.76
883 1232.51
884 903.935
885 944.524
886 1182.99
887 1487.49
888 1759.09
889 1305.51
890 1214.13
891 996.078
892 1284.9
893 933.16
894 1183.69
895 1360.91
896 1285.14
897 1472.46
898 1373.2
899 1160.34
900 1008.3
901 1145
902 1053.02
903 1306.33
904 1031.41
905 1017.63
906 1067.65
907 1110.65
908 1226.71
909 1181.7
910 1192.31
911 1174.53
912 1334.38
913 1298.44
914 1224.36
915 1046.87
916 1371.9
917 1303.6
918 1174.64
919 1090.52
920 1144.63
921 1003.93
922 1231.85
923 1233.63
924 1170.54
925 1123.8
926 1116.73
927 1190.55
928 1235.33
929 1259.58
930 1086.28
931 1193.93
932 1079.93
933 1142.32
934 1169.07
935 1200.15
936 1170.55
937 1183.03
938 1122.34
939 1125.26
940 1125.64
941 1092.83
942 1159.27
943 1139.44
944 1148.52
945 1104.85
946 1126.38
947 1180.3
948 1146.23
949 1096.78
950 1094.34
951 1163.92
952 1122.86
953 1127.13
954 1148.19
955 1167.63
956 1189.42
957 1179.79
958 1214.59
959 1114.67
960 1110.44
961 1148.92
962 1231.27
963 1156.1
964 1130.11
965 1085.4
966 1171.35
967 1177.76
968 1230.53
969 1232.21
970 1043.49
971 1173.35
972 1121.22
973 1174.41
974 1057.91
975 1089.96
976 1155.33
977 1051.07
978 1219.91
979 1135.47
980 1144
981 1207.74
982 1195.02
983 1208.84
984 1115.9
985 1129.92
986 1105.68
987 1104.18
988 972.663
989 1077.49
990 1085.52
991 1120.46
992 1179.83
993 1087.1
994 1133.97
995 1084.83
996 1151.14
997 1137.3
998 1114.73
999 1208.08
1000 1196
1001 1208.08
1002 1114.73
1003 1137.3
1004 1151.14
1005 1084.83
1006 1133.97
1007 1087.1
1008 1179.83
1009 1120.46
1010 1085.52
1011 1077.49
1012 972.663
1013 1104.18
1014 1105.68
1015 1129.92
1016 1115.9
1017 1208.84
1018 1195.02
1019 1207.74
1020 1144
1021 1135.47
1022 1219.91
1023 1051.07
1024 1155.33
1025 1089.96
1026 1057.91
1027 1174.41
1028 1121.22
1029 1173.35
1030 1043.49
1031 1232.21
1032 1230.53
1033 1177.76
1034 1171.35
1035 1085.4
1036 1130.11
1037 1156.1
1038 1231.27
1039 1148.92
1040 1110.44
1041 1114.67
1042 1214.59
1043 1179.79
1044 1189.42
1045 1167.63
1046 1148.19
1047 1127.13
1048 1122.86
1049 1163.92
1050 1094.34
1051 1096.78
1052 1146.23
1053 1180.3
1054 1126.38
1055 1104.85
1056 1148.52
1057 1139.44
1058 1159.27
1059 1092.83
1060 1125.64
1061 1125.26
1062 1122.34
1063 1183.03
1064 1170.55
1065 1200.15
1066 1169.07
1067 1142.32
1068 1079.93
1069 1193.93
1070 1086.28
1071 1259.58
1072 1235.33
1073 1190.55
1074 1116.73
1075 1123.8
1076 1170.54
1077 1233.63
1078 1231.85
1079 1003.93
1080 1144.63
1081 1090.52
1082 1174.64
1083 1303.6
1084 1371.9
1085 1046.87
1086 1224.36
1087 1298.44
1088 1334.38
1089 1174.53
1090 1192.31
1091 1181.7
1092 1226.71
1093 1110.65
1094 1067.65
1095 1017.63
1096 1031.41
1097 1306.33
1098 1053.02
1099 1145
1100 1008.3
1101 1160.34
1102 1373.2
1103 1472.46
1104 1285.14
1105 1360.91
1106 1183.69
1107 933.16
1108 1284.9
1109 996.078
1110 1214.13
1111 1305.51
1112 1759.09
1113 1487.49
1114 1182.99
1115 944.524
1116 903.935
1117 1232.51
1118 1386.76
1119 1290.46
1120 1225.39
1121 1408.92
1122 1372.5
1123 1767.04
1124 850.207
1125 1768.5
1126 967.901
1127 1262.2
1128 1273.31
1129 612.456
1130 1806.86
1131 999.368
1132 1421.43
1133 834.261
1134 1145.86
1135 1199.26
1136 1200.63
1137 1560.13
1138 634.016
1139 1597.25
1140 898.943
1141 1847.05
1142 701.679
1143 1370.47
1144 1024.41
1145 1360.46
1146 882.797
1147 2074.88
1148 902.314
1149 1102.82
1150 1028.26
1151 821.233
1152 2335.81
1153 1762.34
1154 1345.91
1155 1803.84
1156 1554.54
1157 1202.72
1158 986.257
1159 940.808
1160 1522.12
1161 2032.07
1162 760.829
1163 831.951
1164 817.771
1165 812.189
1166 1714.95
1167 1700.86
1168 1537.21
1169 875.339
1170 1673.05
1171 1933.32
1172 1272.22
1173 1188.73
1174 1147.68
1175 595.709
1176 1953.96
1177 1910
1178 207.231
1179 543.293
1180 782.759
1181 821.925
1182 1097
1183 1450.19
1184 1667.6
1185 2174.57
1186 1287.54
1187 1615.25
1188 354.701
1189 2039.83
1190 1953.31
1191 442.476
1192 1518.38
1193 2273.37
1194 1676.05
1195 404.753
1196 1688.05
1197 1731.17
1198 1721.11
1199 1639.23
1200 937.097
1201 1705.48
1202 1874.3
1203 256.642
1204 1611.81
1205 1673.67
1206 1670.08
1207 1626.78
1208 509.159
1209 1074.7
1210 948.556
1211 1600.34
1212 657.288
1213 1385.86
1214 750.322
1215 1086.48
1216 1628.66
1217 1019.73
1218 1709.32
1219 2268.99
1220 995.192
1221 1165.21
1222 1096.12
1223 1227.31
1224 1766.12
1225 2147
1226 1481.31
1227 1088.42
1228 501.19
1229 1921.68
1230 606.442
1231 1527.85
1232 711.625
1233 1152.09
1234 2338.03
1235 1555.43
1236 1842.17
1237 1018.06
1238 627.81
1239 1138.07
1240 1804.75
1241 1249.03
1242 1902.87
1243 2130.71
1244 1820.22
1245 1114.07
1246 1370.99
1247 2486.59
1248 1727.37
1249 930.245
1250 1551.26
1251 1065.61
1252 1767.99
1253 1087.03
1254 1426.24
1255 1529.46
1256 1055.64
1257 701.142
1258 681.175
1259 1159.86
1260 2703.16
1261 1610.11
1262 1075.89
1263 1341.2
1264 1352.02
1265 2238.72
1266 1957.86
1267 1507.24
1268 1089.66
1269 1169.51
1270 383.067
1271 595.875
1272 2224.69
1273 711.732
1274 1489.5
1275 2726.08
1276 1682.92
1277 490.484
1278 890.559
1279 2613.82
1280 956.835
1281 1235.3
1282 866.939
1283 1609.41
1284 2495.12
1285 1361.12
1286 588.714
1287 1493.29
1288 564.62
1289 1028.56
1290 2540.45
1291 1311.8
1292 1717.23
1293 1936.58
1294 1650.51
1295 355.508
1296 1435.92
1297 1235.36
1298 1474.91
1299 1955.11
1300 2888.6
1301 1037.25
1302 243.97
1303 2819.43
1304 2212.28
1305 1797.53
1306 1353.27
1307 1230.09
1308 1745.5
1309 1399.06
1310 1533.73
1311 2998.73
1312 1603.5
1313 1344.39
1314 2241.03
1315 1700.1
1316 1799.42
1317 2206.02
1318 2598.02
1319 850.261
1320 1620.77
1321 489.388
1322 724.445
1323 736.935
1324 733.211
1325 1938.84
1326 926.707
1327 1006.42
1328 993.535
1329 547.162
1330 1098.26
1331 1386.7
1332 1091.05
1333 795.177
1334 761.281
1335 2761.8
1336 1384.34
1337 2144.49
1338 1141.8
1339 1890.03
1340 1140.2
1341 1216.15
1342 1393.4
1343 324.76
1344 1407.84
1345 2158.51
1346 2201.02
1347 1947.38
1348 2254.68
1349 2230.25
1350 796.687
1351 1880.94
1352 974.073
1353 2089.86
1354 1772.36
1355 1551.24
1356 1182.78
1357 587.097
1358 1208.25
1359 2093.17
1360 1582.17
1361 966.042
1362 2009.43
1363 1646.8
1364 2004.52
1365 1953.32
1366 1430.9
1367 2825.66
1368 1638.96
1369 1136.54
1370 831.635
1371 2398.31
1372 1481.83
1373 1401.47
1374 2006.88
1375 1457.74
1376 1005.53
1377 2125.09
1378 2103.03
1379 1970.28
1380 1638.82
1381 1535.22
1382 914.533
1383 1641.61
1384 2200.28
1385 1291.82
1386 2510.51
1387 1247.79
1388 2402.49
1389 2095.23
1390 1122.76
1391 2393.59
1392 1055.34
1393 890.402
1394 1975.16
1395 1792.17
1396 2694.1
1397 1846.73
1398 2831
1399 2168.75
1400 1250.81
1401 2327.64
1402 1131.68
1403 789.944
1404 1296.17
1405 1315.16
1406 2621.67
1407 1921.36
1408 946.867
1409 1041.38
1410 2407.48
1411 1499
1412 1383.73
1413 1996.06
1414 1721.67
1415 1928.09
1416 1962.01
1417 1789.07
1418 1745.65
1419 2015.77
1420 1971.76
1421 2347.53
1422 844.288
1423 2472.51
1424 1709.75
1425 3319.5
1426 2685.61
1427 2488.19
1428 3410.69
1429 1883
1430 1918.02
1431 1388.61
1432 1930.86
1433 2070.79
1434 1735.69
1435 2575.01
1436 1132.29
1437 2726.66
1438 2668.15
1439 3015.02
1440 1661.16
1441 1525.12
1442 1473.59
1443 1683.07
1444 1895.15
1445 1474.06
1446 2872.23
1447 2163.34
1448 4168.45
1449 2564.64
1450 1705.24
1451 1067.52
1452 3013.53
1453 909.923
1454 1490.22
1455 2737.18
1456 2066.72
1457 1830.38
1458 1384.59
1459 2337.01
1460 2637.63
1461 2094.61
1462 2340.83
1463 1943.34
1464 2598.3
1465 2218.88
1466 1662.52
1467 2154.64
1468 1916.65
1469 2444.77
1470 1833.19
1471 2289.88
1472 2488.53
1473 3088.92
1474 2025.56
1475 1857.96
1476 2165
1477 2966.5
1478 2040.78
1479 914.456
1480 3660.27
1481 1540.56
1482 1902.82
1483 3442.03
1484 3009.13
1485 3146.29
1486 2547.7
1487 2695.36
1488 3104.8
1489 1697.04
1490 3252.03
1491 3863.41
1492 1986.79
1493 1843.67
1494 1222.26
1495 2571.22
1496 2247.45
1497 2395.44
1498 1970.23
1499 1875.49
1500 2096.42
1501 1892.63
1502 665.13
1503 2187.64
1504 3535.81
1505 3299.38
1506 1338.73
1507 2528.32
1508 2548.04
1509 1936.76
1510 2753.03
1511 2548.75
1512 2335.73
1513 2286.33
1514 2715.04
1515 2024.44
1516 2702.8
1517 2212.49
1518 1245.1
1519 2383.28
1520 4476.65
1521 551.234
1522 2522.5
1523 2365.37
1524 2878.74
1525 1809.45
1526 2643.08
1527 1933.81
1528 425.051
1529 2805.61
1530 2964.13
1531 2455.44
1532 3219.57
1533 4491.71
1534 3611.65
1535 3461.41
1536 585.916
1537 5337.55
1538 2771.54
1539 3412.06
1540 3074.69
1541 2059.12
1542 1893.24
1543 2945.99
1544 6143.49
1545 4292.82
1546 2772.8
1547 3789.62
1548 1580
1549 147.826
1550 3482.94
1551 7715.2
1552 2510.99
1553 6301.11
1554 1692.94
1555 2428.57
1556 3618.89
1557 4237.02
1558 2823.97
1559 6717.53
1560 4575.9
1561 9217.39
1562 5975.94
1563 6170.41
1564 7285.55
1565 9046.6
1566 2839.93
1567 7080.61
1568 4386.83
1569 2518.24
1570 9688.05
1571 3335.85
1572 7041.64
1573 6997.64
1574 2368.04
1575 7886.96
1576 6290.57
1577 4458.86
1578 7018.15
1579 4220.87
1580 1617.64
1581 5410.55
1582 2490.95
1583 13429.6
1584 7952.15
1585 11083.9
1586 1077.66
1587 7423.14
1588 6350.37
1589 4221.59
1590 3959.4
1591 15900
1592 10708
1593 4848
1594 967.383
1595 5324.79
1596 4982.07
1597 17224.1
1598 3083.83
1599 5437.9
1600 8057.77
1601 9103.9
1602 916.425
1603 5770.07
1604 15880
1605 10256
1606 11040
1607 8997.97
1608 6475.34
1609 11844.8
1610 14799.1
1611 10058.8
1612 15913.9
1613 12916.4
1614 16413.7
1615 1598.11
1616 9145.37
1617 10583.1
1618 11527.5
1619 14353
1620 19886.3
1621 6241.47
1622 5968.46
1623 13207
1624 9442.76
1625 17835.5
1626 22874.1
1627 14803.6
1628 10924.3
1629 9383.67
1630 17728.1
1631 15223.5
1632 7137.86
1633 5462.47
1634 14308
1635 4004.09
1636 12699.2
1637 7601.96
1638 8572.83
1639 13357.2
1640 8955.49
1641 8753.89
1642 3945.92
1643 4768.11
1644 20656.2
1645 16351.6
1646 12694.9
1647 5749.41
1648 10495.8
1649 24247.1
1650 10428.1
1651 12841.1
1652 17410.6
1653 7381.96
1654 8285.2
1655 19266.5
1656 17513.2
1657 12794.4
1658 16363.8
1659 17764.2
1660 9200.63
1661 14414.5
1662 9064.74
1663 16802.4
1664 13598.3
1665 19365.8
1666 11590.1
1667 26754.6
1668 20464.5
1669 25390.4
1670 14615.7
1671 14860.3
1672 9244.76
1673 5495.29
1674 28439.5
1675 15337.2
1676 6041.02
1677 5202
1678 23038.6
1679 8376.84
1680 6369.36
1681 20520.1
1682 19171.3
1683 26590.1
1684 5990.24
1685 8894.59
1686 11345.5
1687 13315.6
1688 28898.7
1689 54003.9
1690 10932.5
1691 33708.3
1692 3139.71
1693 21799.1
1694 19001.6
1695 17277.3
1696 7895.47
1697 29121.7
1698 26158
1699 15988
1700 29830.3
1701 14085.4
1702 22421.2
1703 17806.9
1704 10772.2
1705 27505.5
1706 4223.05
1707 20096.7
1708 17712.9
1709 28670.7
1710 16431
1711 43875.3
1712 5730.11
1713 8693.64
1714 24497.8
1715 2443.95
1716 30238.6
1717 20236.4
1718 16157.4
1719 26335.3
1720 26174.6
1721 13026.3
1722 36633.1
1723 11820.1
1724 24079.3
1725 32272.1
1726 28463
1727 23351.7
1728 15805.1
1729 12649.1
1730 24978.8
1731 31973.1
1732 31770.4
1733 27259
1734 37503.3
1735 34006.1
1736 37488.2
1737 28260.7
1738 25738.5
1739 15701.4
1740 15211.8
1741 21524.5
1742 40321.7
1743 29003.3
1744 12274.7
1745 18803.6
1746 25281.7
1747 9200.64
1748 26458.5
1749 4908.01
1750 10364.8
1751 24149.2
1752 5487.59
1753 16388.8
1754 31818
1755 59054.8
1756 40489.6
1757 25495.4
1758 27642.3
1759 26639
1760 62860.7
1761 10172.8
1762 35644.6
1763 24849.4
1764 30183.1
1765 43937.5
1766 13483.1
1767 38841.8
1768 22338.6
1769 11969.3
1770 32425.8
1771 31066.3
1772 17896.2
1773 44832.5
1774 28692.2
1775 31645.2
1776 57243.7
1777 22841.4
1778 37453.6
1779 56567.8
1780 29074.8
1781 55298.6
1782 53527.9
1783 48725.7
1784 40335.3
1785 61267.1
1786 48139.2
1787 31034.9
1788 47999.7
1789 61608.8
1790 39189.5
1791 40699.1
1792 67465.3
1793 58796.3
1794 83795.6
1795 103439
1796 77828.2
1797 100019
1798 83917
1799 100829
1800 110905
1801 142777
1802 158773
1803 210597
1804 244080
1805 317716
1806 459417
1807 793214
1808 3.19118e+06
1809 1.59477e+06
1810 645088
1811 401139
1812 298185
1813 224958
1814 197723
1815 159843
1816 153544
1817 115027
1818 109484
1819 50539.4
1820 84879.6
1821 74374.5
1822 92508.4
1823 84305.2
1824 73840
1825 64617.1
1826 50198.7
1827 47453.8
1828 54398.9
1829 46542.9
1830 48859.1
1831 48078.2
1832 71147.5
1833 45052.6
1834 43997.3
1835 30045.1
1836 49600.4
1837 20500.1
1838 53372.5
1839 35720.2
1840 22918.1
1841 54597.9
1842 37163.2
1843 20706
1844 49018.4
1845 19944.3
1846 25248
1847 40387.3
1848 28017.2
1849 5489.72
1850 54513
1851 47781.6
1852 15080.5
1853 29583.9
1854 16478.5
1855 37953
1856 21822.3
1857 47620.4
1858 30494.9
1859 31546.8
1860 36610.8
1861 14632.7
1862 62146.2
1863 63006.5
1864 22781.7
1865 26888.1
1866 25350.8
1867 35652.3
1868 28928.1
1869 6869.83
1870 22047.3
1871 23696
1872 16397
1873 23118.2
1874 23410.8
1875 55117
1876 51621
1877 18266.4
1878 15718.6
1879 56403.4
1880 21375
1881 19543.2
1882 18284.9
1883 37328.4
1884 49499.4
1885 32455.3
1886 20445.9
1887 26078.1
1888 26902
1889 23023.2
1890 5555.49
1891 48669.1
1892 31961.1
1893 13774.5
1894 7441.1
1895 30156.8
1896 31345.3
1897 27143.2
1898 15716.3
1899 12052.1
1900 21899.2
1901 41412.1
1902 13672.5
1903 26485.9
1904 24559.9
1905 25919.4
1906 60346
1907 28472.5
1908 27389.1
1909 13454.3
1910 31461.9
1911 21717.6
1912 37392.1
1913 21792.6
1914 15013.1
1915 8868.32
1916 28045.4
1917 19424.6
1918 13392.9
1919 14474.2
1920 30990.8
1921 6653.69
1922 7277.07
1923 31571.9
1924 35057.3
1925 22639.6
1926 26781.8
1927 29231.9
1928 35955.7
1929 35161.5
1930 19992.8
1931 18459.4
1932 19267.7
1933 22150.1
1934 20797.5
1935 13075.9
1936 24627.1
1937 18849.8
1938 10729.8
1939 30259.5
1940 14850
1941 17462.5
1942 27177
1943 19552.8
1944 15788.5
1945 15616.1
1946 5198.3
1947 5975.95
1948 24470.7
1949 30951.3
1950 49289.1
1951 7097.09
1952 19215.1
1953 14492.1
1954 34453.2
1955 12113.3
1956 21019.6
1957 8836.62
1958 18812.9
1959 23379.5
1960 24555.2
1961 23195.4
1962 2290.47
1963 11860.4
1964 11474.8
1965 15608.7
1966 4134.85
1967 21919
1968 8079.21
1969 16359.3
1970 10751.9
1971 20677
1972 24214.1
1973 7104.21
1974 1442.77
1975 12057.8
1976 21515.3
1977 32428.5
1978 3428.08
1979 26873.6
1980 5024.07
1981 27391.6
1982 9737.52
1983 19828.6
1984 23118.5
1985 9498.9
1986 20878.4
1987 41086.9
1988 5137.62
1989 37067.5
1990 8907.13
1991 14482.8
1992 15154.3
1993 11375.8
1994 16197.4
1995 15271
1996 21692.9
1997 37626.1
1998 38005.3
1999 19741.5
